single 0.22268 0.41441 0.53508 -0.12643 0.74205 0.2745 1.5015 1.0063 0.061954 0.12427 -0.26896 0.58078 -3.4825 0.25138 -0.84914 0.80228 0.040254 -0.45712 -0.23703 -0.51337 -0.72649 0.2934 -0.38755 0.1062 -0.42802
ff 0.58103 0.54466 -0.66666 -0.83804 0.096212 0.16361 -0.039681 1.2653 -1.9387 0.32914 -0.52428 -0.075608 -2.15 -0.82256 -0.91889 0.12474 0.016763 0.33284 -1.308 0.74938 -0.49727 -1.6668 -0.23203 0.85761 0.51197
awesome -0.33488 -0.27497 0.2499 -1.012 0.38187 0.58403 2.074 0.17416 -0.54281 -0.63375 -0.22883 0.87451 -3.9213 -0.22059 0.13178 0.22203 0.8799 -0.76095 -0.33228 0.29484 -0.62871 -0.30533 -0.92823 0.16009 -0.18372
bout 0.17552 1.8703 0.26534 0.65955 -0.36934 0.88778 0.17733 -0.73951 -0.11222 -0.10299 -1.502 0.8959 -4.668 -0.45727 0.28866 0.6642 0.15218 -0.94967 -1.5712 0.53013 1.35 0.48866 1.1783 -0.1252 0.40879
muito 1.2578 -1.7704 0.52121 -0.52317 1.1323 0.74833 0.13916 0.53126 0.12112 -1.7353 -1.4936 -2.7099 -1.3267 -1.6667 -0.30778 -1.1824 -2.4791 -0.21994 -1.6348 -1.1918 -0.38787 1.2434 0.13233 1.0415 0.11984
hoje 1.4605 -0.82851 1.3319 -0.9527 0.32077 -0.16414 0.12638 0.34039 0.95705 -1.7793 -1.3867 -2.9141 -1.5474 -0.82491 -0.11905 -1.4133 -2.1637 0.43415 -1.1419 -0.78655 -0.82799 0.68278 0.18173 1.5899 1.3216
¬ 1.303 -0.10093 -0.51013 0.31118 0.17579 -0.21367 0.091586 2.7379 0.81238 1.2281 -0.53113 -0.9978 -1.1914 -1.1917 0.60752 -0.59151 -0.77856 -0.088316 -0.44903 0.30595 0.15735 0.39688 0.022619 2.0822 0.55203
dios -0.40998 -0.025286 -0.43106 0.98539 0.22098 -0.083658 -0.67973 3.162 -1.704 -0.98581 -0.37101 -2.8911 -1.6792 0.7299 1.0677 -0.28603 -0.022416 0.11753 0.627 -0.13134 1.916 -0.1316 0.74402 1.0205 0.65112
such -0.31518 -0.22171 -0.30086 -0.12832 0.74242 0.59331 2.0016 -0.5435 -1.0077 -0.63486 -0.76635 0.60972 -4.426 0.094273 0.30406 0.038931 0.56413 0.06948 -0.059174 -0.11616 0.32974 1.0039 -0.60135 -0.1175 -0.43494
estar 0.31301 -0.093177 0.656 0.12665 -0.036205 1.6473 -0.80505 2.4146 -1.1091 -1.7867 -0.018066 -3.2571 -1.3556 -0.45631 0.59358 0.45887 -0.93916 -0.082832 -0.18266 -1.9825 0.30732 -0.57683 -0.20585 1.3163 0.6513
já 2.3936 -0.90744 1.0656 -0.84637 -0.11741 -0.67882 -0.3624 0.36603 1.2064 -1.7422 -0.62688 -2.9144 -1.8896 -1.218 -1.1473 -0.99605 -2.0337 0.87143 -0.80308 -1.0709 0.035652 0.82312 0.024695 1.7405 0.98174
quando 1.8825 -1.3513 0.67915 0.4769 -0.69483 -0.89804 -0.24815 0.65773 0.56635 -0.96111 -0.678 -3.3972 -1.5932 -0.83451 -1.4867 0.65178 -2.206 1.1296 -1.888 -1.2001 0.15548 0.86369 0.16405 0.79703 0.55963
esa -0.32841 -0.3877 0.84905 0.54627 0.57258 0.77787 0.2616 3.8763 -0.26912 -0.68384 -0.39412 -2.9539 -1.5805 0.07542 1.0628 1.4405 0.40948 1.0314 0.11651 0.94422 1.496 -0.41975 0.59794 0.59132 -0.83098
making -0.25258 0.64343 0.22531 0.27218 0.32404 0.52168 1.7105 -1.1909 -0.39565 -0.55847 0.044747 0.27726 -4.4817 -0.57544 0.29208 -0.101 0.20302 -0.76888 -0.089925 -0.68739 -0.19888 0.14965 -0.3503 -0.062823 -0.30641
